74.0 51.0
73.0 42.0
132.0 35.0
139.0 41.0
143.0 49.0
150.0 49.0
147.0 56.0
142.0 63.0
146.0 68.0
152.0 62.0
162.0 63.0
166.0 69.0
168.0 77.0
172.0 72.0
175.0 78.0
177.0 87.0
162.0 81.0
53.0 34.0
154.0 77.0
146.0 78.0
136.0 76.0
123.0 61.0
122.0 68.0
128.0 88.0
59.0 37.0
139.0 85.0
134.0 93.0
120.0 93.0
104.0 87.0
94.0 78.0
86.0 82.0
93.0 89.0
82.0 90.0
79.0 96.0
90.0 97.0
84.0 101.0
91.0 104.0
68.0 39.0
113.0 105.0
120.0 104.0
128.0 107.0
133.0 100.0
67.0 103.0
55.0 41.0
74.0 105.0
67.0 112.0
81.0 107.0
73.0 117.0
82.0 124.0
41.0 39.0
88.0 116.0
88.0 112.0
97.0 113.0
96.0 120.0
89.0 125.0
95.0 126.0
50.0 46.0
105.0 109.0
113.0 111.0
120.0 111.0
106.0 118.0
43.0 53.0
103.0 144.0
100.0 135.0
52.0 53.0
131.0 120.0
140.0 125.0
144.0 121.0
141.0 108.0
138.0 113.0
129.0 137.0
132.0 143.0
136.0 136.0
141.0 142.0
131.0 149.0
139.0 155.0
140.0 148.0
146.0 156.0
154.0 168.0
112.0 146.0
111.0 153.0
90.0 143.0
69.0 46.0
136.0 169.0
152.0 96.0
159.0 91.0
163.0 112.0
54.0 63.0
172.0 119.0
157.0 118.0
152.0 124.0
153.0 132.0
166.0 136.0
176.0 95.0
174.0 103.0
185.0 103.0
194.0 105.0
182.0 110.0
172.0 111.0
190.0 117.0
197.0 119.0
188.0 121.0
174.0 126.0
196.0 136.0
201.0 103.0
163.0 147.0
170.0 152.0
167.0 158.0
161.0 162.0
165.0 121.0
177.0 141.0
72.0 67.0
197.0 128.0
216.0 134.0
74.0 80.0
211.0 174.0
75.0 86.0
208.0 155.0
206.0 161.0
206.0 169.0
196.0 153.0
181.0 155.0
177.0 159.0
185.0 162.0
180.0 167.0
180.0 173.0
187.0 178.0
165.0 172.0
175.0 181.0
167.0 187.0
178.0 187.0
182.0 194.0
189.0 186.0
196.0 188.0
191.0 194.0
200.0 195.0
89.0 63.0
203.0 217.0
198.0 217.0
191.0 216.0
184.0 217.0
176.0 222.0
171.0 223.0
175.0 231.0
170.0 231.0
163.0 221.0
173.0 215.0
181.0 209.0
29.0 84.0
157.0 195.0
105.0 160.0
82.0 69.0
89.0 69.0
68.0 24.0
102.0 23.0
92.0 37.0
99.0 38.0
105.0 43.0
110.0 50.0
115.0 43.0
121.0 28.0
125.0 24.0
113.0 22.0
104.0 67.0
101.0 51.0
122.0 46.0
131.0 54.0
